"num. clusters"					CONVNETQUAKE-10	CONVNETQUAKE-50	UPC-UCV-10	UPC-UCV-50
"K = 3"		66.6666666667	79.6875	68.4210526316	81.4285714286	
"K = 5"		56.0	65.811965812	72.7272727273	78.6764705882	
